INV 510 170
INV 510 1
INV 510 2
INV 510 3
INV 510 4
INV 510 5
INV 510 6
INV 510 7
INV 510 8
INV 510 9
INV 510 10
INV 510 11
INV 510 12
INV 510 13
INV 510 14
INV 510 15
INV 510 16
INV 510 17
INV 510 18
INV 510 19
INV 510 20
INV 510 21
INV 510 22
INV 510 23
INV 510 24
INV 510 25
INV 510 26
INV 510 27
INV 510 28
INV 510 29
INV 510 30
INV 510 31
INV 510 32
INV 510 33
INV 510 34
INV 510 35
INV 510 36
INV 510 37
INV 510 38
INV 510 39
INV 510 40
INV 510 41
INV 510 42
INV 510 43
INV 510 44
INV 510 45
INV 510 46
INV 510 47
INV 510 48
INV 510 49
INV 510 50
INV 510 51
INV 510 52
INV 510 53
INV 510 54
INV 510 55
INV 510 56
INV 510 57
INV 510 58
INV 510 59
INV 510 60
INV 510 61
INV 510 62
INV 510 63
INV 510 64
INV 510 65
INV 510 66
INV 510 67
INV 510 68
INV 510 69
INV 510 70
INV 510 71
INV 510 72
INV 510 73
INV 510 74
INV 510 75
INV 510 76
INV 510 77
INV 510 78
INV 510 79
INV 510 80
INV 510 81
INV 510 82
INV 510 83
INV 510 84
INV 510 85
INV 510 86
INV 510 87
INV 510 88
INV 510 89
INV 510 90
INV 510 91
INV 510 92
INV 510 93
INV 510 94
INV 510 95
INV 510 96
INV 510 97
INV 510 98
INV 510 99
INV 510 100
INV 510 101
INV 510 102
INV 510 103
INV 510 104
INV 510 105
INV 510 106
INV 510 107
INV 510 108
INV 510 109
INV 510 110
INV 510 111
INV 510 112
INV 510 113
INV 510 114
INV 510 115
INV 510 116
INV 510 117
INV 510 118
INV 510 119
INV 510 120
INV 510 121
INV 510 122
INV 510 123
INV 510 124
INV 510 125
INV 510 126
INV 510 127
INV 510 128
INV 510 129
INV 510 130
INV 510 131
INV 510 132
INV 510 133
INV 510 134
INV 510 135
INV 510 136
INV 510 137
INV 510 138
INV 510 139
INV 510 140
INV 510 141
INV 510 142
INV 510 143
INV 510 144
INV 510 145
INV 510 146
INV 510 147
INV 510 148
INV 510 149
INV 510 150
INV 510 151
INV 510 152
INV 510 153
INV 510 154
INV 510 155
INV 510 156
INV 510 157
INV 510 158
INV 510 159
INV 510 160
INV 510 161
INV 510 162
INV 510 163
INV 510 164
INV 510 165
INV 510 166
INV 510 167
INV 510 168
INV 510 169
INPUT  171 172 173 174 175 176 177 178 179 180 181 182 183 184 185 186 187 188 189 190 191 192 193 194 195 196 197 198 199 200 201 202 203 204 205 206 207 208 209 210 211 212 213 214 215 216 217 218 219 220 221 222 223 224 225 226 227 228 229 230 231 232 233 234 235 236 237 238 239 240 241 242 243 244 245 246 247 248 249 250 251 252 253 254 255 256 257 258 259 260 261 262 263 264 265 266 267 268 269 270 271 272 273 274 275 276 277 278 279 280 281 282 283 284 285 286 287 288 289 290 291 292 293 294 295 296 297 298 299 300 301 302 303 304 305 306 307 308 309 310 311 312 313 314 315 316 317 318 319 320 321 322 323 324 325 326 327 328 329 330 331 332 333 334 335 336 337 338 339 340 341 342 343 344 345 346 347 348 349 350 351 352 353 354 355 356 357 358 359 360 361 362 363 364 365 366 367 368 369 370 371 372 373 374 375 376 377 378 379 380 381 382 383 384 385 386 387 388 389 390 391 392 393 394 395 396 397 398 399 400 401 402 403 404 405 406 407 408 409 410 411 412 413 414 415 416 417 418 419 420 421 422 423 424 425 426 427 428 429 430 431 432 433 434 435 436 437 438 439 440 441 442 443 444 445 446 447 448 449 450 451 452 453 454 455 456 457 458 459 460 461 462 463 464 465 466 467 468 469 470 471 472 473 474 475 476 477 478 479 480 481 482 483 484 485 486 487 488 489 490 491 492 493 494 495 496 497 498 499 500 501 502 503 504 505 506 507 508 509 510 511 512 -1
OUTPUT  -1