3837
21
3838
32
3839
43
3792
54
3835
65
3846
76
3850
87
3851
98
3852
109
3853
120
3854
131
3855
142
3798
153
3825
164
3826
175
3828
186
3829
197
3831
208
3832
219
3833
230
3834
241
3836
252
3840
263
3827
274
3841
285
3842
296
3843
307
3844
318
3845
329
3847
340
3790
351
3788
362
3789
373
3824
3796
384
3835
3795
395
3835
3796
406
3824
3795
417
384
395
428
3846
3794
439
384
395
450
439
450
461
428
461
472
3846
3795
483
3824
3797
494
3835
3797
505
406
494
516
406
494
527
483
527
538
483
527
549
472
549
560
3851
3823
571
3849
3794
582
3850
3793
593
3850
3794
604
3849
3793
615
582
593
626
582
593
637
571
637
648
571
637
659
472
549
670
659
670
681
560
681
692
3851
3793
703
3849
3795
714
3850
3795
725
604
714
736
604
714
747
703
747
758
703
747
769
516
538
780
3846
3796
791
3824
3798
802
3835
3798
813
505
802
824
505
802
835
791
835
846
791
835
857
780
857
868
780
857
879
769
879
890
769
879
901
692
901
912
3852
3822
923
3853
3821
934
3853
3822
945
3852
3821
956
923
934
967
3854
3820
978
923
934
989
978
989
1000
967
1000
1011
3854
3821
1022
3852
3823
1033
3853
3823
1044
945
1033
1055
945
1033
1066
1022
1066
1077
1022
1066
1088
626
648
1099
1088
1099
1110
1088
1099
1121
1011
1121
1132
1011
1121
1142
692
901
1153
1142
1153
1164
912
1164
1175
1055
1077
1186
3854
3822
1197
3854
3822
1208
3852
3793
1219
3853
3793
1230
1044
1219
1241
1044
1219
1252
1197
1252
1263
1197
1252
1274
736
758
1285
1274
1285
1296
1274
1285
1307
1186
1307
1318
1186
1307
1329
868
890
1339
3851
3794
1350
3849
3796
1361
3850
3796
1372
725
1361
1383
725
1361
1394
1350
1394
1405
1350
1394
1416
824
846
1427
3846
3797
1438
3824
3799
1449
3835
3799
1460
813
1449
1471
813
1449
1482
1438
1482
1493
1438
1482
1504
1427
1504
1515
1427
1504
1525
1416
1525
1536
1416
1525
1547
1339
1547
1558
1339
1547
1569
1329
1569
1580
1329
1569
1591
1175
1591
1602
3855
3819
1613
3825
3818
1624
3825
3819
1635
3855
3818
1646
1613
1624
1657
3826
3817
1668
1613
1624
1679
1668
1679
1690
1657
1690
1701
3826
3818
1712
3855
3820
1723
3825
3820
1733
1635
1723
1744
1635
1723
1755
1712
1755
1766
1712
1755
1777
1701
1777
1788
3803
3829
1799
3817
3827
1810
3814
3828
1821
3828
3817
1832
3814
3827
1843
1810
1821
1854
1810
1821
1865
1799
1865
1876
1799
1865
1887
1701
1777
1898
1887
1898
1909
1788
1909
1920
3814
3829
1931
3818
3827
1941
3828
3818
1952
1832
1941
1963
1832
1941
1974
1931
1974
1985
1931
1974
1996
1744
1766
2007
3826
3819
2018
3855
3821
2029
3825
3821
2040
1733
2029
2051
1733
2029
2062
2018
2062
2073
2018
2062
2084
2007
2084
2095
2007
2084
2106
1996
2106
2117
1996
2106
2128
1110
1132
2139
2128
2139
2149
2128
2139
2160
1920
2160
2171
1920
2160
2182
1175
1591
2193
2182
2193
2204
1602
2204
2215
2095
2117
2226
3829
3817
2237
3819
3827
2248
3828
3819
2259
1952
2248
2270
1952
2248
2281
2237
2281
2292
2237
2281
2303
2051
2073
2314
3826
3820
2325
3855
3822
2336
3825
3822
2347
2040
2336
2358
2040
2336
2368
2325
2368
2379
2325
2368
2390
2314
2390
2401
2314
2390
2412
2303
2412
2423
2303
2412
2434
1296
1318
2445
2434
2445
2456
2434
2445
2467
2226
2467
2478
2226
2467
2489
1558
1580
2500
1241
1263
2511
3854
3823
2522
3852
3794
2533
3853
3794
2544
1230
2533
2555
1230
2533
2566
2522
2566
2577
2522
2566
2587
1383
1405
2598
2587
2598
2609
2587
2598
2620
2511
2620
2631
2511
2620
2642
1515
1536
2653
3851
3795
2664
3849
3797
2675
3850
3797
2686
1372
2675
2697
1372
2675
2708
2664
2708
2719
2664
2708
2730
1471
1493
2740
3846
3798
2751
3824
3800
2762
3835
3800
2773
1460
2762
2784
1460
2762
2795
2751
2795
2805
2751
2795
2815
2740
2815
2826
2740
2815
2836
2730
2836
2847
2730
2836
2857
2653
2857
2867
2653
2857
2878
2642
2878
2888
2642
2878
2898
2500
2898
2909
2500
2898
2919
2489
2919
2930
2489
2919
2940
2215
2940
2950
1854
1876
2961
3803
3830
2971
3792
3831
2981
3792
3830
2992
3803
3831
3002
2992
3002
3013
2971
2981
3023
2961
3023
3033
2961
3023
3044
3803
3828
3054
3803
3827
3064
1843
3054
3075
3792
3829
3085
1843
3054
3096
3085
3096
3106
3075
3106
3116
2992
3116
3127
3044
3127
3137
2149
2171
3147
3792
3832
3158
3814
3830
3168
3814
3831
3179
3002
3168
3180
3002
3168
3181
3158
3181
3182
3158
3181
3183
1963
1985
3184
3183
3184
3185
3183
3184
3186
3185
3186
3187
3013
3033
3188
3187
3188
3189
3147
3189
3190
3147
3189
3191
3137
3191
3192
3137
3191
3193
2215
2940
3194
3193
3194
3195
2950
3195
3196
3033
3187
3197
3792
3833
3198
3180
3182
3199
3803
3832
3200
3830
3817
3201
3831
3817
3202
3179
3201
3203
3179
3201
3204
3200
3204
3205
3200
3204
3206
2270
2292
3207
3206
3207
3208
3206
3207
3209
3199
3209
3210
3199
3209
3211
3013
3186
3212
3185
3212
3213
3211
3213
3214
3211
3213
3215
3198
3215
3216
3198
3215
3217
2456
2478
3218
3217
3218
3219
3217
3218
3220
3197
3220
3221
3197
3220
3222
2909
2930
3223
2401
2423
3224
3829
3818
3225
3820
3827
3226
3828
3820
3227
2259
3226
3228
2259
3226
3229
3225
3229
3230
3225
3229
3231
2358
2379
3232
3826
3821
3233
3855
3823
3234
3825
3823
3235
2347
3234
3236
2347
3234
3237
3233
3237
3238
3233
3237
3239
3232
3239
3240
3232
3239
3241
3231
3241
3242
3231
3241
3243
2609
2631
3244
3243
3244
3245
3243
3244
3246
3224
3246
3247
3224
3246
3248
2867
2888
3249
2555
2577
3250
3854
3793
3251
3852
3795
3252
3853
3795
3253
2544
3252
3254
2544
3252
3255
3251
3255
3256
3251
3255
3257
2697
2719
3258
3257
3258
3259
3257
3258
3260
3250
3260
3261
3250
3260
3262
2826
2847
3263
3851
3796
3264
3849
3798
3265
3850
3798
3266
2686
3265
3267
2686
3265
3268
3264
3268
3269
3264
3268
3270
2784
2805
3271
3846
3799
3272
3824
3801
3273
3835
3801
3274
2773
3273
3275
2773
3273
3276
3272
3276
3277
3272
3276
3278
3271
3278
3279
3271
3278
3280
3270
3280
3281
3270
3280
3282
3263
3282
3283
3263
3282
3284
3262
3284
3285
3262
3284
3286
3249
3286
3287
3249
3286
3288
3248
3288
3289
3248
3288
3290
3223
3290
3291
3223
3290
3292
3222
3292
3293
3222
3292
3294
3196
3294
3295
3190
3192
3296
3196
3294
3297
3296
3297
3298
3295
3298
3299
3219
3221
3300
3291
3293
3301
3214
3216
3302
3792
3834
3303
3803
3833
3304
3803
3834
3305
3198
3305
3306
3303
3304
3307
3208
3210
3308
3203
3205
3309
3814
3832
3310
3830
3818
3311
3831
3818
3312
3202
3311
3313
3202
3311
3314
3310
3314
3315
3310
3314
3316
3228
3230
3317
3316
3317
3318
3316
3317
3319
3309
3319
3320
3309
3319
3321
3308
3321
3322
3308
3321
3323
3307
3323
3324
3307
3323
3325
3245
3247
3326
3325
3326
3327
3325
3326
3328
3302
3328
3329
3302
3328
3330
3287
3289
3331
3240
3242
3332
3829
3819
3333
3821
3827
3334
3828
3821
3335
3227
3334
3336
3227
3334
3337
3333
3337
3338
3333
3337
3339
3236
3238
3340
3826
3822
3341
3855
3793
3342
3825
3793
3343
3234
3343
3344
3235
3342
3345
3341
3345
3346
3341
3345
3347
3340
3347
3348
3340
3347
3349
3339
3349
3350
3339
3349
3351
3259
3261
3352
3351
3352
3353
3351
3352
3354
3332
3354
3355
3332
3354
3356
3283
3285
3357
3254
3256
3358
3854
3794
3359
3852
3796
3360
3853
3796
3361
3253
3360
3362
3253
3360
3363
3359
3363
3364
3359
3363
3365
3267
3269
3366
3365
3366
3367
3365
3366
3368
3358
3368
3369
3358
3368
3370
3279
3281
3371
3851
3797
3372
3849
3799
3373
3850
3799
3374
3266
3373
3375
3266
3373
3376
3372
3376
3377
3372
3376
3378
3275
3277
3379
3846
3800
3380
3824
3802
3381
3835
3802
3382
3274
3381
3383
3274
3381
3384
3380
3384
3385
3380
3384
3386
3379
3386
3387
3379
3386
3388
3378
3388
3389
3378
3388
3390
3371
3390
3391
3371
3390
3392
3370
3392
3393
3370
3392
3394
3357
3394
3395
3357
3394
3396
3356
3396
3397
3356
3396
3398
3331
3398
3399
3331
3398
3400
3330
3400
3401
3330
3400
3402
3301
3402
3403
3301
3402
3404
3300
3404
3405
3300
3404
3406
3299
3406
3407
3403
3405
3408
3327
3329
3409
3399
3401
3410
3322
3324
3411
3792
3836
3412
3814
3833
3413
3814
3834
3414
3305
3413
3415
3305
3413
3416
3412
3416
3417
3412
3416
3418
3306
3418
3419
3306
3418
3420
3318
3320
3421
3313
3315
3422
3832
3817
3423
3830
3819
3424
3831
3819
3425
3312
3424
3426
3312
3424
3427
3423
3427
3428
3423
3427
3429
3336
3338
3430
3429
3430
3431
3429
3430
3432
3422
3432
3433
3422
3432
3434
3421
3434
3435
3421
3434
3436
3420
3436
3437
3420
3436
3438
3353
3355
3439
3438
3439
3440
3438
3439
3441
3411
3441
3442
3411
3441
3443
3395
3397
3444
3348
3350
3445
3829
3820
3446
3822
3827
3447
3828
3822
3448
3335
3447
3449
3335
3447
3450
3446
3450
3451
3446
3450
3452
3344
3346
3453
3826
3823
3454
3855
3794
3455
3825
3794
3456
3343
3455
3457
3343
3455
3458
3454
3458
3459
3454
3458
3460
3453
3460
3461
3453
3460
3462
3452
3462
3463
3452
3462
3464
3367
3369
3465
3464
3465
3466
3464
3465
3467
3445
3467
3468
3445
3467
3469
3391
3393
3470
3362
3364
3471
3854
3795
3472
3852
3797
3473
3853
3797
3474
3361
3473
3475
3361
3473
3476
3472
3476
3477
3472
3476
3478
3375
3377
3479
3478
3479
3480
3478
3479
3481
3471
3481
3482
3471
3481
3483
3387
3389
3484
3851
3798
3485
3849
3800
3486
3850
3800
3487
3374
3486
3488
3374
3486
3489
3485
3489
3490
3485
3489
3491
3383
3385
3492
3846
3801
3493
3824
3804
3494
3835
3804
3495
3382
3494
3496
3382
3494
3497
3493
3497
3498
3493
3497
3499
3492
3499
3500
3492
3499
3501
3491
3501
3502
3491
3501
3503
3484
3503
3504
3484
3503
3505
3483
3505
3506
3483
3505
3507
3470
3507
3508
3470
3507
3509
3469
3509
3510
3469
3509
3511
3444
3511
3512
3444
3511
3513
3443
3513
3514
3443
3513
3515
3410
3515
3516
3410
3515
3517
3409
3517
3518
3409
3517
3519
3408
3519
3520
3408
3519
3521
3407
3521
3522
3516
3518
3523
3440
3442
3524
3419
3524
3525
3419
3524
3526
3512
3514
3527
3435
3437
3528
3837
3792
3529
3415
3417
3530
3803
3836
3531
3833
3817
3532
3834
3817
3533
3414
3532
3534
3414
3532
3535
3531
3535
3536
3531
3535
3537
3530
3537
3538
3530
3537
3539
3529
3539
3540
3529
3539
3541
3431
3433
3542
3426
3428
3543
3832
3818
3544
3830
3820
3545
3831
3820
3546
3425
3545
3547
3425
3545
3548
3544
3548
3549
3544
3548
3550
3449
3451
3551
3550
3551
3552
3550
3551
3553
3543
3553
3554
3543
3553
3555
3542
3555
3556
3542
3555
3557
3541
3557
3558
3541
3557
3559
3466
3468
3560
3559
3560
3561
3559
3560
3562
3528
3562
3563
3528
3562
3564
3508
3510
3565
3461
3463
3566
3829
3821
3567
3823
3827
3568
3828
3823
3569
3448
3568
3570
3448
3568
3571
3567
3571
3572
3567
3571
3573
3457
3459
3574
3826
3793
3575
3855
3795
3576
3825
3795
3577
3456
3576
3578
3456
3576
3579
3575
3579
3580
3575
3579
3581
3574
3581
3582
3574
3581
3583
3573
3583
3584
3573
3583
3585
3480
3482
3586
3585
3586
3587
3585
3586
3588
3566
3588
3589
3566
3588
3590
3504
3506
3591
3475
3477
3592
3854
3796
3593
3852
3798
3594
3853
3798
3595
3474
3594
3596
3474
3594
3597
3593
3597
3598
3593
3597
3599
3488
3490
3600
3599
3600
3601
3599
3600
3602
3592
3602
3603
3592
3602
3604
3500
3502
3605
3851
3799
3606
3849
3801
3607
3850
3801
3608
3487
3607
3609
3487
3607
3610
3606
3610
3611
3606
3610
3612
3496
3498
3613
3846
3802
3614
3824
3805
3615
3835
3805
3616
3495
3615
3617
3495
3615
3618
3614
3618
3619
3614
3618
3620
3613
3620
3621
3613
3620
3622
3612
3622
3623
3612
3622
3624
3605
3624
3625
3605
3624
3626
3604
3626
3627
3604
3626
3628
3591
3628
3629
3591
3628
3630
3590
3630
3631
3590
3630
3632
3565
3632
3633
3565
3632
3634
3564
3634
3635
3564
3634
3636
3527
3636
3637
3527
3636
3638
3526
3638
3639
3526
3638
3640
3523
3640
3641
3523
3640
3642
3520
3642
3643
3520
3642
3644
3522
3644
3645
3522
3644
3646
3645
3646
3647
3835
3794
3648
3824
3794
3649
417
3648
3650
3846
3793
3651
417
3648
3652
3651
3652
3653
3650
3653
3654
439
450
3655
3654
3655
3656
3851
3822
3657
3850
3823
3658
3849
3823
3659
615
3658
3660
615
3658
3661
3657
3661
3662
3657
3661
3663
3654
3655
3664
3663
3664
3665
3656
3665
3666
659
670
3667
3666
3667
3668
3853
3820
3669
3852
3820
3670
3852
3820
3671
934
3670
3672
3854
3819
3673
956
3669
3674
3673
3674
3675
3672
3675
3676
978
989
3677
3660
3662
3678
3677
3678
3679
3677
3678
3680
3676
3680
3681
3676
3680
3682
3666
3667
3683
3682
3683
3684
3668
3684
3685
1142
1153
3686
3685
3686
3687
3825
3817
3688
3855
3817
3689
1646
3688
3690
3814
3826
3691
1646
3688
3692
3691
3692
3693
3690
3693
3694
1668
1679
3695
3694
3695
3696
3085
3096
3697
3694
3695
3698
3697
3698
3699
3696
3699
3700
1887
1898
3701
3679
3681
3702
3701
3702
3703
3701
3702
3704
3700
3704
3705
3700
3704
3706
3685
3686
3707
3706
3707
3708
3687
3708
3709
2182
2193
3710
3709
3710
3711
3703
3705
3712
3044
3127
3713
3712
3713
3714
3712
3713
3715
3709
3710
3716
3715
3716
3717
3711
3717
3718
3193
3194
3719
3718
3719
3720
3718
3719
3721
3714
3721
3722
3720
3722
3723
3296
3297
3724
3723
3724
3725
3299
3406
3726
3725
3726
3727
3407
3521
3728
3727
3728
3729
3727
3728
3730
3727
3728
3731
3835
3793
3732
3824
3793
3733
3649
3732
3734
3846
3823
3735
3649
3732
3736
3735
3736
3737
3734
3737
3738
3651
3652
3739
3738
3739
3740
3851
3821
3741
3850
3822
3742
3849
3822
3743
3659
3742
3744
3659
3742
3745
3741
3745
3746
3741
3745
3747
3738
3739
3748
3747
3748
3749
3740
3749
3750
3663
3664
3751
3750
3751
3752
3853
3819
3753
3852
3819
3754
3670
3753
3755
3854
3818
3756
3670
3753
3757
3756
3757
3758
3755
3758
3759
3673
3674
3760
3744
3746
3761
3760
3761
3762
3760
3761
3763
3759
3763
3764
3759
3763
3765
3750
3751
3766
3765
3766
3767
3752
3767
3768
3682
3683
3769
3768
3769
3770
3814
3825
3771
3814
3855
3772
3689
3771
3773
3803
3826
3774
3689
3771
3775
3774
3775
3776
3773
3776
3777
3691
3692
3778
3777
3778
3779
3792
3828
3780
3792
3827
3781
3054
3781
3782
3064
3780
3783
3777
3778
3784
3783
3784
3785
3779
3785
3786
3697
3698
3787
3762
3764
1
3787
1
2
3787
1
3
3786
3
4
3786
3
5
3768
3769
6
5
6
7
3770
7
8
3706
3707
9
8
9
10
2
4
11
2992
3116
12
11
12
13
11
12
14
8
9
15
14
15
16
10
16
17
3715
3716
18
17
18
19
17
18
20
13
20
22
19
22
23
3714
3721
24
23
24
25
3723
3724
26
25
26
27
3725
3726
28
27
28
29
27
28
30
29
30
31
3835
3823
33
3824
3823
34
3733
33
35
3846
3822
36
3733
33
37
36
37
38
35
38
39
3735
3736
40
39
40
41
3851
3820
42
3850
3821
44
3849
3821
45
3743
44
46
3743
44
47
42
47
48
42
47
49
39
40
50
49
50
51
41
51
52
3747
3748
53
52
53
55
3853
3818
56
3852
3818
57
3754
56
58
3854
3817
59
3754
56
60
59
60
61
58
61
62
3756
3757
63
46
48
64
63
64
66
63
64
67
62
67
68
62
67
69
52
53
70
69
70
71
55
71
72
3765
3766
73
72
73
74
3803
3825
75
3803
3855
77
3772
75
78
3792
3826
79
3772
75
80
79
80
81
78
81
82
3774
3775
83
82
83
84
82
83
85
3781
85
86
84
86
88
3783
3784
89
66
68
90
89
90
91
89
90
92
88
92
93
88
92
94
72
73
95
94
95
96
74
96
97
5
6
99
97
99
100
91
93
101
3782
101
102
3782
101
103
97
99
104
103
104
105
100
105
106
14
15
107
106
107
108
106
107
110
102
110
111
108
111
112
13
20
113
112
113
114
23
24
115
114
115
116
25
26
117
116
117
118
116
117
119
3835
3822
121
3824
3822
122
34
121
123
3846
3821
124
34
121
125
124
125
126
123
126
127
36
37
128
127
128
129
3851
3819
130
3850
3820
132
3849
3820
133
45
132
134
45
132
135
130
135
136
130
135
137
127
128
138
137
138
139
129
139
140
49
50
141
140
141
143
3853
3817
144
3852
3817
145
57
144
146
3814
3854
147
57
144
148
147
148
149
146
149
150
59
60
151
134
136
152
151
152
154
151
152
155
150
155
156
150
155
157
140
141
158
157
158
159
143
159
160
69
70
161
160
161
162
3792
3825
163
3792
3855
165
75
165
166
79
80
167
166
167
168
3781
85
169
154
156
170
169
170
171
169
170
172
168
172
173
168
172
174
160
161
176
174
176
177
162
177
178
94
95
179
178
179
180
171
173
181
178
179
182
181
182
183
180
183
184
103
104
185
184
185
187
102
110
188
187
188
189
112
113
190
189
190
191
114
115
192
191
192
193
191
192
194
193
194
195
3835
3821
196
3824
3821
198
122
196
199
3846
3820
200
122
196
201
200
201
202
199
202
203
124
125
204
203
204
205
3851
3818
206
3850
3819
207
3849
3819
209
133
207
210
133
207
211
206
211
212
206
211
213
203
204
214
213
214
215
205
215
216
137
138
217
216
217
218
3814
3853
220
3814
3852
221
145
220
222
3803
3854
223
145
220
224
223
224
225
222
225
226
147
148
227
210
212
228
227
228
229
227
228
231
226
231
232
226
231
233
216
217
234
233
234
235
218
235
236
157
158
237
236
237
238
229
232
239
166
167
240
239
240
242
239
240
243
236
237
244
243
244
245
238
245
246
174
176
247
246
247
248
246
247
249
242
249
250
248
250
251
181
182
253
251
253
254
184
185
255
254
255
256
187
188
257
256
257
258
189
190
259
258
259
260
258
259
261
3835
3820
262
3824
3820
264
198
262
265
3846
3819
266
198
262
267
266
267
268
265
268
269
200
201
270
269
270
271
3851
3817
272
3850
3818
273
3850
3818
275
3849
3818
276
209
273
277
209
273
278
272
278
279
272
278
280
269
270
281
280
281
282
271
282
283
213
214
284
283
284
286
3803
3853
287
3803
3852
288
221
287
289
3792
3854
290
221
287
291
290
291
292
289
292
293
223
224
294
277
279
295
294
295
297
294
295
298
293
298
299
293
298
300
283
284
301
300
301
302
286
302
303
233
234
304
303
304
305
297
299
306
77
163
308
306
308
309
306
308
310
303
304
311
310
311
312
305
312
313
243
244
314
313
314
315
313
314
316
309
316
317
315
317
319
242
249
320
319
320
321
251
253
322
321
322
323
254
255
324
323
324
325
256
257
326
325
326
327
325
326
328
3835
3819
330
3824
3819
331
264
330
332
3846
3818
333
264
330
334
333
334
335
332
335
336
266
267
337
336
337
338
3814
3851
339
3850
3817
341
3849
3817
342
273
342
343
276
341
344
339
344
345
339
344
346
336
337
347
346
347
348
338
348
349
280
281
350
349
350
352
3792
3853
353
3792
3852
354
287
354
355
290
291
356
343
345
357
356
357
358
356
357
359
355
359
360
355
359
361
349
350
363
361
363
364
352
364
365
300
301
366
365
366
367
358
360
368
165
368
369
165
368
370
365
366
371
370
371
372
367
372
374
310
311
375
374
375
376
374
375
377
369
377
378
376
378
379
309
316
380
379
380
381
319
320
382
381
382
383
321
322
385
383
385
386
323
324
387
386
387
388
386
387
389
3835
3818
390
3824
3818
391
331
390
392
3846
3817
393
331
390
394
393
394
396
392
396
397
333
334
398
397
398
399
3803
3851
400
3814
3850
401
3814
3849
402
342
401
403
342
401
404
400
404
405
400
404
407
397
398
408
407
408
409
399
409
410
346
347
411
410
411
412
403
405
413
288
353
414
413
414
415
413
414
416
410
411
418
416
418
419
412
419
420
361
363
421
420
421
422
420
421
423
415
423
424
422
424
425
370
371
426
425
426
427
369
377
429
427
429
430
379
380
431
430
431
432
381
382
433
432
433
434
383
385
435
434
435
436
3835
3817
437
3824
3817
438
391
437
440
3814
3846
441
3814
3846
442
391
437
443
441
443
444
440
444
445
393
394
446
445
446
447
3792
3851
448
3803
3850
449
3803
3849
451
402
449
452
402
449
453
448
453
454
448
453
455
445
446
456
455
456
457
447
457
458
407
408
459
458
459
460
452
454
462
354
462
463
354
462
464
458
459
465
464
465
466
460
466
467
416
418
468
467
468
469
467
468
470
463
470
471
469
471
473
415
423
474
473
474
475
425
426
476
475
476
477
427
429
478
477
478
479
430
431
480
479
480
481
432
433
482
481
482
484
3814
3835
485
3814
3824
486
438
485
487
3803
3846
488
438
485
489
488
489
490
487
490
491
441
443
492
491
492
493
3792
3850
495
3792
3849
496
449
496
497
451
495
498
491
492
499
498
499
500
493
500
501
455
456
502
501
502
503
501
502
504
497
504
506
503
506
507
464
465
508
507
508
509
463
470
510
509
510
511
473
474
512
511
512
513
475
476
514
513
514
515
477
478
517
515
517
518
479
480
519
518
519
520
518
519
521
509
510
522
3803
3835
523
3803
3835
524
3803
3824
525
486
523
526
3792
3846
528
486
523
529
528
529
530
526
530
531
488
489
532
531
532
533
531
532
534
496
534
535
533
535
536
498
499
537
536
537
539
497
504
540
539
540
541
507
508
542
541
542
543
522
543
544
512
544
545
513
514
546
545
546
547
515
517
548
547
548
550
539
540
551
3792
3835
552
3792
3824
553
523
553
554
528
529
555
554
555
556
496
534
557
556
557
558
536
537
559
558
559
561
551
561
562
542
562
563
542
562
564
522
543
565
563
565
566
511
544
567
512
567
568
566
568
569
545
546
570
569
570
572
572
573
547
548
574
573
574
575
550
575
576
521
576
577
520
577
578
481
482
579
578
579
580
484
580
581
434
435
583
581
583
584
436
584
585
389
585
586
388
586
587
328
587
588
327
588
589
261
589
590
590
591
195
591
592
194
260
594
193
594
595
592
595
596
119
596
597
597
598
31
598
599
30
118
600
29
600
601
599
601
602
3731
602
603
3647
603
605
3644
3729
606
3645
606
607
605
607
608
3637
3639
609
3538
3540
610
3561
3563
611
610
611
612
610
611
613
3633
3635
614
3556
3558
616
3838
3792
617
3837
3803
618
3838
3803
619
3529
619
620
617
618
621
3534
3536
622
3814
3836
623
3833
3818
624
3834
3818
625
3533
624
627
3533
624
628
623
628
629
623
628
630
622
630
631
622
630
632
621
632
633
621
632
634
3552
3554
635
3547
3549
636
3832
3819
638
3830
3821
639
3831
3821
640
3546
639
641
3546
639
642
638
642
643
638
642
644
3570
3572
645
644
645
646
644
645
647
636
647
649
636
647
650
635
650
651
635
650
652
634
652
653
634
652
654
3587
3589
655
654
655
656
654
655
657
616
657
658
616
657
660
3629
3631
661
3582
3584
662
3829
3822
663
3793
3827
664
3828
3793
665
3569
664
666
3569
664
667
663
667
668
663
667
669
3578
3580
671
3826
3794
672
3855
3796
673
3825
3796
674
3577
673
675
3577
673
676
672
676
677
672
676
678
671
678
679
671
678
680
669
680
682
669
680
683
3601
3603
684
683
684
685
683
684
686
662
686
687
662
686
688
3625
3627
689
3596
3598
690
3854
3797
691
3852
3799
693
3853
3799
694
3595
693
695
3595
693
696
691
696
697
691
696
698
3609
3611
699
698
699
700
698
699
701
690
701
702
690
701
704
3621
3623
705
3851
3800
706
3849
3802
707
3850
3802
708
3608
707
709
3608
707
710
706
710
711
706
710
712
3617
3619
713
3846
3804
715
3806
3824
716
3806
3835
717
3616
716
718
3616
716
719
715
719
720
715
719
721
713
721
722
713
721
723
712
723
724
712
723
726
705
726
727
705
726
728
704
728
729
704
728
730
689
730
731
689
730
732
688
732
733
688
732
734
661
734
735
661
734
737
660
737
738
660
737
739
614
739
740
614
739
741
613
741
742
613
741
743
609
743
744
609
743
745
3525
745
746
3525
745
748
3641
748
749
3641
748
750
3643
750
751
3643
750
752
608
752
753
753
754
744
746
755
740
742
756
620
631
757
757
759
620
631
760
633
760
761
757
761
762
656
658
763
762
763
764
762
763
765
735
738
766
651
653
767
3839
3792
768
3837
3814
770
3814
3838
771
619
770
772
619
770
773
768
773
774
768
773
775
627
629
776
3836
3817
777
3833
3819
778
3834
3819
779
625
778
781
625
778
782
777
782
783
777
782
784
776
784
785
776
784
786
775
786
787
775
786
788
646
649
789
641
643
790
3832
3820
792
3830
3822
793
3831
3822
794
640
793
795
640
793
796
792
796
797
792
796
798
666
668
799
798
799
800
798
799
801
790
801
803
790
801
804
789
804
805
789
804
806
788
806
807
788
806
808
685
687
809
808
809
810
808
809
811
767
811
812
767
811
814
731
733
815
679
682
816
3829
3823
817
3794
3827
818
3828
3794
819
665
818
820
665
818
821
817
821
822
817
821
823
675
677
825
3826
3795
826
3855
3797
827
3825
3797
828
674
827
829
674
827
830
826
830
831
826
830
832
825
832
833
825
832
834
823
834
836
823
834
837
700
702
838
837
838
839
837
838
840
816
840
841
816
840
842
727
729
843
695
697
844
3854
3798
845
3852
3800
847
3853
3800
848
694
847
849
694
847
850
845
850
851
845
850
852
709
711
853
852
853
854
852
853
855
844
855
856
844
855
858
722
724
859
3851
3801
860
3849
3804
861
3850
3804
862
708
861
863
708
861
864
860
864
865
860
864
866
718
720
867
3846
3805
869
3807
3824
870
3807
3835
871
717
870
872
717
870
873
869
873
874
869
873
875
867
875
876
867
875
877
866
877
878
866
877
880
859
880
881
859
880
882
858
882
883
858
882
884
843
884
885
843
884
886
842
886
887
842
886
888
815
888
889
815
888
891
814
891
892
814
891
893
766
893
894
766
893
895
765
895
896
765
895
897
756
897
898
756
897
899
612
899
900
612
899
902
755
902
903
755
902
904
749
904
905
749
904
906
751
906
907
753
907
908
754
906
909
3790
362
910
3789
910
911
751
906
913
911
913
914
908
914
915
909
915
916
3838
3806
917
3838
3806
918
3838
3806
919
3837
3805
920
3837
3805
921
3804
3836
922
3804
3836
924
922
924
925
3802
3834
926
3802
3834
927
3801
3833
928
3801
3833
929
928
929
930
3800
3832
931
3800
3832
932
3799
3831
933
3799
3831
935
933
935
936
3798
3830
937
3798
3830
938
3797
3829
939
3797
3829
940
3797
3829
941
940
941
942
3796
3828
943
3796
3828
944
3827
3795
946
3827
3795
947
3827
3795
948
947
948
949
3826
3794
950
3825
3793
951
3825
3793
952
3855
3823
953
3854
3822
954
1208
954
955
3853
3821
957
3852
3820
958
3671
958
959
3851
3819
960
3850
3818
961
275
961
962
3849
3817
963
3814
3846
964
442
964
965
3803
3835
966
3803
3835
968
553
968
969
524
969
970
965
970
971
442
971
972
963
972
973
342
973
974
962
974
975
275
975
976
960
976
977
130
977
979
959
979
980
3671
980
981
957
981
982
934
982
983
955
983
984
1208
984
985
953
985
986
3234
986
987
952
987
988
3343
988
990
672
990
991
950
991
992
949
992
993
947
993
994
943
994
995
944
995
996
942
996
997
940
997
998
938
998
999
937
999
1001
936
1001
1002
933
1002
1003
932
1003
1004
931
1004
1005
930
1005
1006
928
1006
1007
926
1007
1008
927
1008
1009
925
1009
1010
922
1010
1012
920
1012
1013
921
1013
1014
919
1014
1015
3839
3807
1016
3839
3807
1017
1016
1017
1018
917
1018
1019
1015
1019
1020
1015
1018
1021
3788
373
1023
3790
1023
1024
917
1018
1025
1024
1025
1026
1020
1026
1027
1021
1027
1028
351
3789
1029
362
1029
1030
362
1029
1031
920
921
1032
3804
252
1034
1032
1034
1035
21
3805
1036
1035
1036
1037
926
927
1038
930
1038
1039
931
932
1040
153
3830
1041
153
3830
1042
3797
197
1043
3796
186
1045
3796
186
1046
274
3795
1047
175
3794
1048
175
3794
1049
164
3793
1050
142
3823
1051
3855
3823
1052
131
3822
1053
120
3821
1054
120
3821
1056
109
3820
1057
98
3819
1058
98
3819
1059
87
3818
1060
3814
76
1061
3803
65
1062
54
3824
1063
968
1063
1064
1062
1064
1065
965
1065
1067
1061
1067
1068
3817
1068
1069
3849
1069
1070
3817
1068
1071
1070
1071
1072
962
1072
1073
1060
1073
1074
1059
1074
1075
1058
1075
1076
959
1076
1078
1057
1078
1079
1056
1079
1080
1054
1080
1081
955
1081
1082
1053
1082
1083
1052
1083
1084
1051
1084
1085
952
1085
1086
1050
1086
1087
1049
1087
1089
1048
1089
1090
949
1090
1091
1047
1091
1092
1046
1092
1093
1045
1093
1094
942
1094
1095
1043
1095
1096
1042
1096
1097
1041
1097
1098
936
1098
1100
1040
1100
1101
1039
1101
1102
3799
208
1103
1040
1103
1104
3800
219
1105
1104
1105
1106
1039
1106
1107
3802
241
1108
3801
230
1109
1038
1109
1111
1108
1111
1112
1107
1112
1113
1102
1113
1114
925
1114
1115
1032
1115
1116
1037
1116
1117
919
1117
1118
32
3806
1119
1118
1119
1120
1018
1120
1122
1030
1122
1123
351
1023
1124
910
1029
1125
1023
1031
1126
3788
1029
1127
3788
1029
1128
910
1127
1129
1023
1125
1130
3807
1130
1131
1017
1128
1133
1018
1124
1134
373
910
1135
1016
1135
1136
1134
1136
1137
1133
1137
1138
1131
1138
1139
1123
1139
1140
1028
1140
1141
916
1141
3871
905
913
1143
909
1143
1144
898
900
1145
894
896
1146
3792
3840
1147
772
774
1148
1147
1148
1149
1147
1148
1150
785
787
1151
1150
1151
1152
1150
1151
1154
759
1154
1155
757
1154
1156
810
812
1157
1156
1157
1158
1156
1157
1159
889
892
1160
805
807
1161
3803
3839
1162
3837
3817
1163
3838
3817
1165
771
1163
1166
771
1163
1167
1162
1167
1168
1162
1167
1169
781
783
1170
3836
3818
1171
3833
3820
1172
3820
3834
1173
779
1172
1174
779
1172
1176
1171
1176
1177
1171
1176
1178
1170
1178
1179
1170
1178
1180
1169
1180
1181
1169
1180
1182
800
803
1183
795
797
1184
3832
3821
1185
3830
3823
1187
3823
3831
1188
794
1187
1189
794
1187
1190
1185
1190
1191
1185
1190
1192
820
822
1193
1192
1193
1194
1192
1193
1195
1184
1195
1196
1184
1195
1198
1183
1198
1199
1183
1198
1200
1182
1200
1201
1182
1200
1202
839
841
1203
1202
1203
1204
1202
1203
1205
1161
1205
1206
1161
1205
1207
885
887
1209
833
836
1210
3829
3793
1211
3828
3795
1212
819
946
1213
819
946
1214
1211
1214
1215
1211
1214
1216
829
831
1217
3826
3796
1218
3855
3798
1220
3798
3825
1221
828
1220
1222
828
1220
1223
1218
1223
1224
1218
1223
1225
1217
1225
1226
1217
1225
1227
1216
1227
1228
1216
1227
1229
854
856
1231
1229
1231
1232
1229
1231
1233
1210
1233
1234
1210
1233
1235
881
883
1236
849
851
1237
3854
3799
1238
3852
3801
1239
3801
3853
1240
848
1239
1242
848
1239
1243
1238
1243
1244
1238
1243
1245
863
865
1246
1245
1246
1247
1245
1246
1248
1237
1248
1249
1237
1248
1250
876
878
1251
3851
3802
1253
3849
3805
1254
3805
3850
1255
862
1254
1256
862
1254
1257
1253
1257
1258
1253
1257
1259
872
874
1260
3806
3846
1261
3824
3808
1262
3808
3835
1264
871
1262
1265
871
1262
1266
1261
1266
1267
1261
1266
1268
1260
1268
1269
1260
1268
1270
1259
1270
1271
1259
1270
1272
1251
1272
1273
1251
1272
1275
1250
1275
1276
1250
1275
1277
1236
1277
1278
1236
1277
1279
1235
1279
1280
1235
1279
1281
1209
1281
1282
1209
1281
1283
1207
1283
1284
1207
1283
1286
1160
1286
1287
1160
1286
1288
1159
1288
1289
1159
1288
1290
1146
1290
1291
1146
1290
1292
764
1292
1293
764
1292
1294
1145
1294
1295
1145
1294
1297
903
1297
1298
903
1297
1299
1144
1299
1300
1144
1299
1301
911
1301
1302
3808
3840
1303
3808
3840
1304
1303
1304
1305
1017
1025
1306
1021
1306
1308
1305
1308
1309
1305
1308
1310
1024
1310
1311
919
1018
1312
1116
1312
1313
1037
1312
1314
43
3807
1315
1018
1119
1316
1315
1316
1317
1314
1317
1319
1313
1319
1320
1305
1320
1321
1305
1320
1322
1030
1322
1323
3808
1130
1324
1128
1303
1325
1124
1305
1326
1135
1304
1327
1326
1327
1328
1325
1328
1330
1324
1330
1331
1323
1331
1332
1311
1332
1333
1302
1333
3872
1298
1300
1334
1291
1293
1335
1287
1289
1336
1204
1206
1337
3792
3841
1338
3803
3840
1340
3803
3841
1341
1338
1340
1342
1338
1340
1343
1166
1168
1344
1343
1344
1345
1343
1344
1346
1179
1181
1347
1346
1347
1348
1346
1347
1349
1348
1349
1351
1149
1152
1352
1351
1352
1353
1337
1353
1354
1337
1353
1355
1155
1355
1356
1155
1355
1357
1282
1284
1358
1199
1201
1359
3814
3839
1360
3837
3818
1362
3838
3818
1363
1165
1362
1364
1165
1362
1365
1360
1365
1366
1360
1365
1367
1174
1177
1368
3819
3836
1369
3821
3833
1370
3821
3834
1371
1173
1370
1373
1173
1370
1374
1369
1374
1375
1369
1374
1376
1368
1376
1377
1368
1376
1378
1367
1378
1379
1367
1378
1380
1194
1196
1381
1189
1191
1382
3822
3832
1384
3793
3830
1385
3793
3831
1386
1188
1385
1387
1188
1385
1388
1384
1388
1389
1384
1388
1390
1213
1215
1391
1390
1391
1392
1390
1391
1393
1382
1393
1395
1382
1393
1396
1381
1396
1397
1381
1396
1398
1380
1398
1399
1380
1398
1400
1232
1234
1401
1400
1401
1402
1400
1401
1403
1359
1403
1404
1359
1403
1406
1278
1280
1407
1226
1228
1408
3794
3829
1409
3796
3827
1410
944
946
1411
1212
1410
1412
1409
1412
1413
1409
1412
1414
1222
1224
1415
3797
3826
1417
3799
3855
1418
3799
3825
1419
1221
1418
1420
1221
1418
1421
1417
1421
1422
1417
1421
1423
1415
1423
1424
1415
1423
1425
1414
1425
1426
1414
1425
1428
1247
1249
1429
1428
1429
1430
1428
1429
1431
1408
1431
1432
1408
1431
1433
1273
1276
1434
1242
1244
1435
3800
3854
1436
3802
3852
1437
3802
3853
1439
1240
1437
1440
1240
1437
1441
1436
1441
1442
1436
1441
1443
1256
1258
1444
1443
1444
1445
1443
1444
1446
1435
1446
1447
1435
1446
1448
1269
1271
1450
3804
3851
1451
3806
3849
1452
3806
3850
1453
1255
1452
1454
1255
1452
1455
1451
1455
1456
1451
1455
1457
1265
1267
1458
3807
3846
1459
3824
3809
1461
3835
3809
1462
1264
1461
1463
1264
1461
1464
1459
1464
1465
1459
1464
1466
1458
1466
1467
1458
1466
1468
1457
1468
1469
1457
1468
1470
1450
1470
1472
1450
1470
1473
1448
1473
1474
1448
1473
1475
1434
1475
1476
1434
1475
1477
1433
1477
1478
1433
1477
1479
1407
1479
1480
1407
1479
1481
1406
1481
1483
1406
1481
1484
1358
1484
1485
1358
1484
1486
1357
1486
1487
1357
1486
1488
1336
1488
1489
1336
1488
1490
1158
1490
1491
1158
1490
1492
1335
1492
1494
1335
1492
1495
1295
1495
1496
1295
1495
1497
1334
1497
1498
1334
1497
1499
911
1499
1500
3809
3841
1501
3809
3841
1502
1501
1502
1503
1303
1309
1505
1503
1505
1506
1024
1506
1507
3808
263
1508
1321
1508
1509
1503
1509
1510
1030
1510
1511
3809
1130
1512
1128
1501
1513
1124
1503
1514
1135
1502
1516
1514
1516
1517
1513
1517
1518
1512
1518
1519
1511
1519
1520
1507
1520
1521
1500
1521
3873
1496
1498
1522
1489
1491
1523
1354
1356
1524
1485
1487
1526
1152
1351
1527
3792
3842
1528
3814
3840
1529
3814
3841
1530
1341
1529
1531
1341
1529
1532
1528
1532
1533
1528
1532
1534
1364
1366
1535
1534
1535
1537
1534
1535
1538
1342
1538
1539
1342
1538
1540
1377
1379
1541
1540
1541
1542
1540
1541
1543
1345
1543
1544
1345
1543
1545
1149
1348
1546
1349
1546
1548
1545
1548
1549
1545
1548
1550
1402
1404
1551
1550
1551
1552
1550
1551
1553
1527
1553
1554
1527
1553
1555
1480
1483
1556
1397
1399
1557
3839
3817
1559
3837
3819
1560
3838
3819
1561
1363
1560
1562
1363
1560
1563
1559
1563
1564
1559
1563
1565
1373
1375
1566
3820
3836
1567
3822
3833
1568
3822
3834
1570
1371
1568
1571
1371
1568
1572
1567
1572
1573
1567
1572
1574
1566
1574
1575
1566
1574
1576
1565
1576
1577
1565
1576
1578
1392
1395
1579
1387
1389
1581
3823
3832
1582
3794
3830
1583
3794
3831
1584
1386
1583
1585
1386
1583
1586
1582
1586
1587
1582
1586
1588
1411
1413
1589
1588
1589
1590
1588
1589
1592
1581
1592
1593
1581
1592
1594
1579
1594
1595
1579
1594
1596
1578
1596
1597
1578
1596
1598
1430
1432
1599
1598
1599
1600
1598
1599
1601
1557
1601
1603
1557
1601
1604
1476
1478
1605
1424
1426
1606
3829
3795
1607
3797
3827
1608
3797
3828
1609
944
1608
1610
944
1608
1611
1607
1611
1612
1607
1611
1614
1420
1422
1615
3798
3826
1616
3800
3855
1617
3800
3825
1618
1419
1617
1619
1419
1617
1620
1616
1620
1621
1616
1620
1622
1615
1622
1623
1615
1622
1625
1614
1625
1626
1614
1625
1627
1445
1447
1628
1627
1628
1629
1627
1628
1630
1606
1630
1631
1606
1630
1632
1472
1474
1633
1440
1442
1634
3801
3854
1636
3804
3852
1637
3804
3853
1638
1439
1637
1639
1439
1637
1640
1636
1640
1641
1636
1640
1642
1454
1456
1643
1642
1643
1644
1642
1643
1645
1634
1645
1647
1634
1645
1648
1467
1469
1649
3805
3851
1650
3807
3849
1651
3807
3850
1652
1453
1651
1653
1453
1651
1654
1650
1654
1655
1650
1654
1656
1463
1465
1658
3808
3846
1659
3824
3810
1660
3835
3810
1661
1462
1660
1662
1462
1660
1663
1659
1663
1664
1659
1663
1665
1658
1665
1666
1658
1665
1667
1656
1667
1669
1656
1667
1670
1649
1670
1671
1649
1670
1672
1648
1672
1673
1648
1672
1674
1633
1674
1675
1633
1674
1676
1632
1676
1677
1632
1676
1678
1605
1678
1680
1605
1678
1681
1604
1681
1682
1604
1681
1683
1556
1683
1684
1556
1683
1685
1555
1685
1686
1555
1685
1687
1526
1687
1688
1526
1687
1689
1524
1689
1691
1524
1689
1692
1523
1692
1693
1523
1692
1694
1494
1694
1695
1494
1694
1696
1522
1696
1697
1522
1696
1698
911
1698
1699
3810
3842
1700
3810
3842
1702
1700
1702
1703
1502
1505
1704
1501
1704
1705
1703
1705
1706
1703
1705
1707
1024
1707
1708
1321
1503
1709
1503
1508
1710
3809
285
1711
1710
1711
1713
1709
1713
1714
1703
1713
1715
1703
1714
1716
1703
1714
1717
1030
1717
1718
3810
1130
1719
1128
1700
1720
1124
1703
1721
1135
1702
1722
1721
1722
1724
1720
1724
1725
1719
1725
1726
1718
1726
1727
1708
1727
1728
1699
1728
3874
1695
1697
1729
1688
1691
1730
1552
1554
1731
1684
1686
1732
3792
3843
1734
1542
1544
1735
1537
1539
1736
1531
1533
1737
3803
3842
1738
3817
3840
1739
3817
3841
1740
1530
1739
1741
1530
1739
1742
1738
1742
1743
1738
1742
1745
1562
1564
1746
1745
1746
1747
1745
1746
1748
1737
1748
1749
1737
1748
1750
1575
1577
1751
1750
1751
1752
1750
1751
1753
1736
1753
1754
1736
1753
1756
1735
1756
1757
1735
1756
1758
1734
1758
1759
1734
1758
1760
1600
1603
1761
1760
1761
1762
1760
1761
1763
1549
1763
1764
1549
1763
1765
1680
1682
1767
1595
1597
1768
3839
3818
1769
3837
3820
1770
3838
3820
1771
1561
1770
1772
1561
1770
1773
1769
1773
1774
1769
1773
1775
1571
1573
1776
3821
3836
1778
3823
3833
1779
3823
3834
1780
1570
1779
1781
1570
1779
1782
1778
1782
1783
1778
1782
1784
1776
1784
1785
1776
1784
1786
1775
1786
1787
1775
1786
1789
1590
1593
1790
1585
1587
1791
3793
3832
1792
3830
3795
1793
3831
3795
1794
1584
1793
1795
1584
1793
1796
1792
1796
1797
1792
1796
1798
1610
1612
1800
1798
1800
1801
1798
1800
1802
1791
1802
1803
1791
1802
1804
1790
1804
1805
1790
1804
1806
1789
1806
1807
1789
1806
1808
1629
1631
1809
1808
1809
1811
1808
1809
1812
1768
1812
1813
1768
1812
1814
1675
1677
1815
1623
1626
1816
3796
3829
1817
3798
3827
1818
3798
3828
1819
1609
1818
1820
1609
1818
1822
1817
1822
1823
1817
1822
1824
1619
1621
1825
3799
3826
1826
3801
3855
1827
3801
3825
1828
1618
1827
1829
1618
1827
1830
1826
1830
1831
1826
1830
1833
1825
1833
1834
1825
1833
1835
1824
1835
1836
1824
1835
1837
1644
1647
1838
1837
1838
1839
1837
1838
1840
1816
1840
1841
1816
1840
1842
1671
1673
1844
1639
1641
1845
3802
3854
1846
3805
3852
1847
3805
3853
1848
1638
1847
1849
1638
1847
1850
1846
1850
1851
1846
1850
1852
1653
1655
1853
1852
1853
1855
1852
1853
1856
1845
1856
1857
1845
1856
1858
1666
1669
1859
3806
3851
1860
3808
3849
1861
3808
3850
1862
1652
1861
1863
1652
1861
1864
1860
1864
1866
1860
1864
1867
1662
1664
1868
3846
3809
1869
3824
3811
1870
3835
3811
1871
1661
1870
1872
1661
1870
1873
1869
1873
1874
1869
1873
1875
1868
1875
1877
1868
1875
1878
1867
1878
1879
1867
1878
1880
1859
1880
1881
1859
1880
1882
1858
1882
1883
1858
1882
1884
1844
1884
1885
1844
1884
1886
1842
1886
1888
1842
1886
1889
1815
1889
1890
1815
1889
1891
1814
1891
1892
1814
1891
1893
1767
1893
1894
1767
1893
1895
1765
1895
1896
1765
1895
1897
1732
1897
1899
1732
1897
1900
1731
1900
1901
1731
1900
1902
1730
1902
1903
1730
1902
1904
1693
1904
1905
1693
1904
1906
1729
1906
1907
1729
1906
1908
911
1908
1910
3811
3843
1911
3811
3843
1912
1911
1912
1913
1700
1706
1914
1913
1914
1915
1024
1915
1916
3810
296
1917
1716
1917
1918
1913
1918
1919
1030
1919
1921
1124
1913
1922
1135
1912
1923
1922
1923
1924
1128
1911
1925
3811
1130
1926
1925
1926
1927
1924
1927
1928
1921
1928
1929
1916
1929
1930
1910
1930
3875
1905
1907
1932
1899
1901
1933
1762
1764
1934
1894
1896
1935
1757
1759
1936
3792
3844
1937
3803
3843
1938
3803
3844
1939
1734
1939
1940
1937
1938
1942
1752
1754
1943
1747
1749
1944
1741
1743
1945
3814
3842
1946
3818
3840
1947
3818
3841
1948
1740
1947
1949
1740
1947
1950
1946
1950
1951
1946
1950
1953
1772
1774
1954
1953
1954
1955
1953
1954
1956
1945
1956
1957
1945
1956
1958
1785
1787
1959
1958
1959
1960
1958
1959
1961
1944
1961
1962
1944
1961
1964
1943
1964
1965
1943
1964
1966
1942
1966
1967
1942
1966
1968
1811
1813
1969
1968
1969
1970
1968
1969
1971
1936
1971
1972
1936
1971
1973
1890
1892
1975
1805
1807
1976
3839
3819
1977
3837
3821
1978
3838
3821
1979
1771
1978
1980
1771
1978
1981
1977
1981
1982
1977
1981
1983
1781
1783
1984
3822
3836
1986
3793
3833
1987
3793
3834
1988
1780
1987
1989
1780
1987
1990
1986
1990
1991
1986
1990
1992
1984
1992
1993
1984
1992
1994
1983
1994
1995
1983
1994
1997
1801
1803
1998
1795
1797
1999
3794
3832
2000
3796
3830
2001
3796
3831
2002
1794
2001
2003
1794
2001
2004
2000
2004
2005
2000
2004
2006
1820
1823
2008
2006
2008
2009
2006
2008
2010
1999
2010
2011
1999
2010
2012
1998
2012
2013
1998
2012
2014
1997
2014
2015
1997
2014
2016
1839
1841
2017
2016
2017
2019
2016
2017
2020
1976
2020
2021
1976
2020
2022
1885
1888
2023
1834
1836
2024
3799
3827
2025
3799
3828
2026
1819
2025
2027
1819
2025
2028
939
2028
2030
939
2028
2031
1829
1831
2032
3800
3826
2033
3802
3855
2034
3802
3825
2035
1828
2034
2036
1828
2034
2037
2033
2037
2038
2033
2037
2039
2032
2039
2041
2032
2039
2042
2031
2042
2043
2031
2042
2044
1855
1857
2045
2044
2045
2046
2044
2045
2047
2024
2047
2048
2024
2047
2049
1881
1883
2050
1849
1851
2052
3804
3854
2053
3806
3852
2054
3806
3853
2055
1848
2054
2056
1848
2054
2057
2053
2057
2058
2053
2057
2059
1863
1866
2060
2059
2060
2061
2059
2060
2063
2052
2063
2064
2052
2063
2065
1877
1879
2066
3807
3851
2067
3849
3809
2068
3850
3809
2069
1862
2068
2070
1862
2068
2071
2067
2071
2072
2067
2071
2074
1872
1874
2075
3846
3810
2076
3824
3812
2077
3835
3812
2078
1871
2077
2079
1871
2077
2080
2076
2080
2081
2076
2080
2082
2075
2082
2083
2075
2082
2085
2074
2085
2086
2074
2085
2087
2066
2087
2088
2066
2087
2089
2065
2089
2090
2065
2089
2091
2050
2091
2092
2050
2091
2093
2049
2093
2094
2049
2093
2096
2023
2096
2097
2023
2096
2098
2022
2098
2099
2022
2098
2100
1975
2100
2101
1975
2100
2102
1973
2102
2103
1973
2102
2104
1935
2104
2105
1935
2104
2107
1934
2107
2108
1934
2107
2109
1933
2109
2110
1933
2109
2111
1903
2111
2112
1903
2111
2113
1932
2113
2114
1932
2113
2115
911
2115
2116
3812
3844
2118
3812
3844
2119
3812
3844
2120
1912
1914
2121
1911
2121
2122
2120
2122
2123
2120
2122
2124
1024
2124
2125
3811
307
2126
1715
1917
2127
1703
1913
2129
1709
2129
2130
1913
2127
2131
2126
2131
2132
2130
2132
2133
2120
2133
2134
2120
2133
2135
2134
2135
2136
1031
2136
2137
3812
1130
2138
1127
2118
2140
1124
2120
2141
1135
2119
2142
2141
2142
2143
2140
2143
2144
2138
2144
2145
2137
2145
2146
2125
2146
2147
2116
2147
3876
2112
2114
2148
2105
2108
2150
1970
1972
2151
2101
2103
2152
1965
1967
2153
3792
3845
2154
3814
3843
2155
3814
3844
2156
1939
2155
2157
1939
2155
2158
2154
2158
2159
2154
2158
2161
1940
2161
2162
1940
2161
2163
1960
1962
2164
1955
1957
2165
1949
1951
2166
3817
3842
2167
3819
3840
2168
3819
3841
2169
1948
2168
2170
1948
2168
2172
2167
2172
2173
2167
2172
2174
1980
1982
2175
2174
2175
2176
2174
2175
2177
2166
2177
2178
2166
2177
2179
1993
1995
2180
2179
2180
2181
2179
2180
2183
2165
2183
2184
2165
2183
2185
2164
2185
2186
2164
2185
2187
2163
2187
2188
2163
2187
2189
2019
2021
2190
2189
2190
2191
2189
2190
2192
2153
2192
2194
2153
2192
2195
2097
2099
2196
2013
2015
2197
3839
3820
2198
3837
3822
2199
3838
3822
2200
1979
2199
2201
1979
2199
2202
2198
2202
2203
2198
2202
2205
1989
1991
2206
3823
3836
2207
3794
3833
2208
3794
3834
2209
1988
2208
2210
1988
2208
2211
2207
2211
2212
2207
2211
2213
2206
2213
2214
2206
2213
2216
2205
2216
2217
2205
2216
2218
2009
2011
2219
2003
2005
2220
3832
3795
2221
3797
3830
2222
3797
3831
2223
2002
2222
2224
2002
2222
2225
2221
2225
2227
2221
2225
2228
2027
2030
2229
2228
2229
2230
2228
2229
2231
2220
2231
2232
2220
2231
2233
2219
2233
2234
2219
2233
2235
2218
2235
2236
2218
2235
2238
2046
2048
2239
2238
2239
2240
2238
2239
2241
2197
2241
2242
2197
2241
2243
2092
2094
2244
2041
2043
2245
3798
3829
2246
3800
3827
2247
3800
3828
2249
2026
2247
2250
2026
2247
2251
2246
2251
2252
2246
2251
2253
2036
2038
2254
3801
3826
2255
3804
3855
2256
3804
3825
2257
2035
2256
2258
2035
2256
2260
2255
2260
2261
2255
2260
2262
2254
2262
2263
2254
2262
2264
2253
2264
2265
2253
2264
2266
2061
2064
2267
2266
2267
2268
2266
2267
2269
2245
2269
2271
2245
2269
2272
2088
2090
2273
2056
2058
2274
3805
3854
2275
3807
3852
2276
3807
3853
2277
2055
2276
2278
2055
2276
2279
2275
2279
2280
2275
2279
2282
2070
2072
2283
2282
2283
2284
2282
2283
2285
2274
2285
2286
2274
2285
2287
2083
2086
2288
3808
3851
2289
3849
3810
2290
3850
3810
2291
2069
2290
2293
2069
2290
2294
2289
2294
2295
2289
2294
2296
2079
2081
2297
3846
3811
2298
3824
3813
2299
3835
3813
2300
2078
2299
2301
2078
2299
2302
2298
2302
2304
2298
2302
2305
2297
2305
2306
2297
2305
2307
2296
2307
2308
2296
2307
2309
2288
2309
2310
2288
2309
2311
2287
2311
2312
2287
2311
2313
2273
2313
2315
2273
2313
2316
2272
2316
2317
2272
2316
2318
2244
2318
2319
2244
2318
2320
2243
2320
2321
2243
2320
2322
2196
2322
2323
2196
2322
2324
2195
2324
2326
2195
2324
2327
2152
2327
2328
2152
2327
2329
2151
2329
2330
2151
2329
2331
2150
2331
2332
2150
2331
2333
2110
2333
2334
2110
2333
2335
2148
2335
2337
2148
2335
2338
911
2338
2339
3813
3845
2340
3813
3845
2341
2340
2341
2342
2118
2123
2343
2342
2343
2344
2342
2343
2345
1024
2344
2346
2345
2346
2348
3812
318
2349
2134
2349
2350
2342
2350
2351
1030
2351
2352
3813
1130
2353
1128
2340
2354
1124
2342
2355
1135
2341
2356
2355
2356
2357
2354
2357
2359
2353
2359
2360
2352
2360
2361
2348
2361
2362
2339
2362
3877
2334
2337
2363
2328
2330
2364
2191
2194
2365
2323
2326
2366
2186
2188
2367
3792
3847
2369
2157
2159
2370
3803
3845
2371
3817
3843
2372
3817
3844
2373
2155
2373
2374
2156
2372
2375
2371
2375
2376
2371
2375
2377
2370
2377
2378
2370
2377
2380
2369
2380
2381
2369
2380
2382
2162
2382
2383
2162
2382
2384
2181
2184
2385
2176
2178
2386
2170
2173
2387
3818
3842
2388
3820
3840
2389
3820
3841
2391
2168
2391
2392
2169
2389
2393
2388
2393
2394
2388
2393
2395
2201
2203
2396
2395
2396
2397
2395
2396
2398
2387
2398
2399
2387
2398
2400
2214
2217
2402
2400
2402
2403
2400
2402
2404
2386
2404
2405
2386
2404
2406
2385
2406
2407
2385
2406
2408
2384
2408
2409
2384
2408
2410
2240
2242
2411
2410
2411
2413
2410
2411
2414
2367
2414
2415
2367
2414
2416
2319
2321
2417
2234
2236
2418
3839
3821
2419
3837
3823
2420
3838
3823
2421
2199
2421
2422
2200
2420
2424
2419
2424
2425
2419
2424
2426
2210
2212
2427
3793
3836
2428
3833
3795
2429
3834
3795
2430
2208
2430
2431
2209
2429
2432
2428
2432
2433
2428
2432
2435
2427
2435
2436
2427
2435
2437
2426
2437
2438
2426
2437
2439
2230
2232
2440
2224
2227
2441
3796
3832
2442
3798
3831
2443
937
2223
2444
937
2223
2446
2442
2446
2447
2442
2446
2448
2250
2252
2449
2448
2449
2450
2448
2449
2451
2441
2451
2452
2441
2451
2453
2440
2453
2454
2440
2453
2455
2439
2455
2457
2439
2455
2458
2268
2271
2459
2458
2459
2460
2458
2459
2461
2418
2461
2462
2418
2461
2463
2315
2317
2464
2263
2265
2465
3799
3829
2466
3801
3827
2468
3801
3828
2469
2247
2469
2470
2249
2468
2471
2466
2471
2472
2466
2471
2473
2258
2261
2474
3802
3826
2475
3805
3855
2476
3805
3825
2477
2256
2477
2479
2257
2476
2480
2475
2480
2481
2475
2480
2482
2474
2482
2483
2474
2482
2484
2473
2484
2485
2473
2484
2486
2284
2286
2487
2486
2487
2488
2486
2487
2490
2465
2490
2491
2465
2490
2492
2310
2312
2493
2278
2280
2494
3806
3854
2495
3808
3852
2496
3808
3853
2497
2276
2497
2498
2277
2496
2499
2495
2499
2501
2495
2499
2502
2293
2295
2503
2502
2503
2504
2502
2503
2505
2494
2505
2506
2494
2505
2507
2306
2308
2508
3851
3809
2509
3849
3811
2510
3850
3811
2512
2290
2512
2513
2291
2510
2514
2509
2514
2515
2509
2514
2516
2301
2304
2517
3846
3812
2518
3824
3815
2519
3835
3815
2520
2299
2520
2521
2300
2519
2523
2518
2523
2524
2518
2523
2525
2517
2525
2526
2517
2525
2527
2516
2527
2528
2516
2527
2529
2508
2529
2530
2508
2529
2531
2507
2531
2532
2507
2531
2534
2493
2534
2535
2493
2534
2536
2492
2536
2537
2492
2536
2538
2464
2538
2539
2464
2538
2540
2463
2540
2541
2463
2540
2542
2417
2542
2543
2417
2542
2545
2416
2545
2546
2416
2545
2547
2366
2547
2548
2366
2547
2549
2365
2549
2550
2365
2549
2551
2364
2551
2552
2364
2551
2553
2332
2553
2554
2332
2553
2556
2363
2556
2557
2363
2556
2558
911
2558
2559
3815
3847
2560
3815
3847
2561
2560
2561
2562
2340
2345
2563
2562
2563
2564
2562
2563
2565
1024
2565
2567
3813
329
2568
3813
329
2569
2350
2568
2570
2569
2570
2571
2562
2571
2572
2562
2571
2573
1030
2573
2574
3815
1130
2575
1128
2560
2576
1124
2562
2578
1135
2561
2579
2578
2579
2580
2576
2580
2581
2575
2581
2582
2574
2582
2583
2567
2583
2584
2559
2584
3879
2554
2557
2585
2548
2550
2586
2413
2415
2588
2543
2546
2589
2454
2457
2590
2498
2501
2591
2526
2528
2592
2591
2592
2593
3796
3833
2594
2430
2594
2595
3837
3793
2596
2421
2596
2597
2595
2597
2599
3839
3822
2600
2431
2433
2601
2600
2601
2602
2444
2447
2603
3797
3832
2604
3799
3830
2605
2443
2605
2606
2604
2606
2607
2603
2607
2608
2450
2452
2610
2470
2472
2611
3794
3836
2612
2611
2612
2613
2608
2613
2614
2602
2614
2615
2599
2610
2616
2615
2616
2617
2530
2532
2618
2488
2491
2619
2593
2618
2621
2617
2619
2622
2621
2622
2623
2590
2623
2624
3852
3809
2625
2497
2625
2626
2513
2515
2627
3807
3854
2628
2626
2628
2629
2627
2629
2630
3851
3810
2632
2521
2524
2633
2632
2633
2634
3846
3813
2635
3824
3816
2636
2520
2636
2637
3849
3812
2638
2512
2638
2639
2637
2639
2640
2635
2640
2641
2630
2641
2643
2634
2643
2644
2483
2485
2645
2504
2506
2646
2645
2646
2647
2644
2647
2648
2460
2462
2649
2535
2537
2650
3804
3826
2651
3806
3855
2652
2477
2652
2654
3802
3827
2655
2469
2655
2656
2654
2656
2657
2651
2657
2658
3800
3829
2659
2479
2481
2660
2659
2660
2661
2658
2661
2662
2403
2405
2663
2378
2381
2665
3792
3848
2666
2374
2376
2667
3803
3847
2668
3814
3845
2669
2668
2669
2670
3818
3843
2671
2373
2671
2672
2670
2672
2673
2667
2673
2674
2666
2674
2676
2665
2676
2677
2397
2399
2678
2436
2438
2679
2422
2425
2680
2392
2394
2681
3819
3842
2682
3821
3840
2683
2391
2683
2684
2682
2684
2685
2681
2685
2687
2680
2687
2688
2679
2688
2689
2678
2689
2690
2677
2690
2691
2663
2691
2692
2648
2662
2693
2649
2692
2694
2650
2693
2695
2624
2694
2696
2695
2696
2698
2407
2409
2699
2539
2541
2700
2699
2700
2701
2698
2701
2702
2589
2702
2703
2588
2703
2704
2586
2704
2705
2383
2552
2706
2705
2706
2707
2585
2707
2709
911
2709
2710
3816
3848
2711
3816
3848
2712
3816
3848
2713
2560
2564
2714
2713
2714
2715
1024
2715
2716
3815
340
2717
2572
2717
2718
2713
2718
2720
1030
2720
2721
3816
1130
2722
1124
2713
2723
1127
2712
2724
1135
2711
2725
2724
2725
2726
2723
2726
2727
2722
2727
2728
2721
2728
2729
2716
2729
2731
2710
2731
3880
919
1117
2732
1034
1115
2733
1032
2733
2734
1101
1106
2735
930
2735
2736
1109
2736
2737
1038
2737
2738
925
1114
2739
930
2735
2741
936
1098
2742
1100
2742
2743
3798
3830
2744
1096
2744
2745
942
1094
2746
3796
3828
2747
1092
2747
2748
949
1090
2749
3826
3794
2750
1087
2750
2752
1052
1083
2753
955
1081
2754
3853
3821
2755
1079
2755
2756
3851
3819
2757
1074
2757
2758
962
1072
2759
1073
2759
2760
3849
3817
2761
1068
2761
2763
3792
3824
2764
54
3824
2765
965
968
2766
2765
2766
2767
2763
2767
2768
2760
2768
2769
2758
2769
2770
959
1076
2771
2770
2771
2772
2756
2772
2774
2754
2774
2775
2753
2775
2776
952
1085
2777
2776
2777
2778
2752
2778
2779
2749
2779
2780
2748
2780
2781
2746
2781
2782
2745
2782
2783
2743
2783
2785
1100
1103
2786
1040
2786
2787
2785
2787
2788
2741
2788
2789
2739
2789
2790
2738
2790
2791
2734
2791
2792
2732
2792
2793
1322
2793
2794
1122
2794
2796
1510
2796
2797
1717
2797
2798
1919
2798
2799
2136
2799
2800
2351
2800
2801
965
1065
2802
2573
2801
2803
2720
2803
3791
3792
1130
2804
553
1126
2806
553
1135
2807
1129
2807
2808
2806
2808
2809
2804
2809
2810
2764
2810
3856
3803
1130
2811
525
552
2812
911
2812
2813
554
2813
2814
523
1127
2816
2814
2816
2817
2811
2817
2818
553
968
2819
1024
2819
2820
969
2820
2821
968
1063
2822
1030
2822
2823
966
1135
2824
968
1124
2825
2824
2825
2827
2823
2827
2828
2821
2828
2829
2818
2829
3867
554
555
2830
911
2830
2831
556
2831
2832
965
970
2833
1024
2833
2834
971
2834
2835
1030
2802
2837
3814
1130
2838
441
1127
2839
964
1135
2840
965
1124
2841
2840
2841
2842
2839
2842
2843
2838
2843
2844
2837
2844
2845
2832
2845
2846
2835
2846
3878
556
557
2848
911
2848
2849
1031
2763
2850
3817
1130
2851
342
1127
2852
963
1135
2853
1124
2761
2854
2852
2854
2855
2853
2855
2856
2850
2856
2858
972
2761
2859
1024
2859
2860
2851
2860
2861
2858
2861
2862
2849
2862
3881
558
559
2863
911
2863
2864
1031
2760
2865
962
974
2866
1024
2866
2868
975
2868
2869
273
1127
2870
961
1135
2871
962
1124
2872
2871
2872
2873
2870
2873
2874
3818
1130
2875
2874
2875
2876
2869
2876
2877
2865
2877
2879
2864
2879
3882
551
561
2880
911
2880
2881
1031
2758
2882
976
2757
2883
1024
2883
2884
3819
1130
2885
130
1127
2886
1124
2757
2887
2886
2887
2889
960
1135
2890
2889
2890
2891
2885
2891
2892
2884
2892
2893
2882
2893
2894
2881
2894
3883
541
542
2895
562
2895
2896
564
911
2897
2896
2897
2899
1030
2771
2900
959
979
2901
1024
2901
2902
980
2902
2903
959
1124
2904
958
1135
2905
3670
1127
2906
2905
2906
2907
2904
2907
2908
3820
1130
2910
2908
2910
2911
2903
2911
2912
2900
2912
2913
2899
2913
3884
563
565
2914
911
2914
2915
1031
2756
2916
981
2755
2917
981
2755
2918
1024
2918
2920
2917
2920
2921
957
1135
2922
1124
2755
2923
2922
2923
2924
3853
1127
2925
1130
2925
2926
3821
2926
2927
2924
2927
2928
2921
2928
2929
2916
2929
2931
2915
2931
3885
566
568
2932
911
2932
2933
1030
2754
2934
955
983
2935
1024
2935
2936
984
2936
2937
3822
1130
2938
1197
1127
2939
955
1124
2941
954
1135
2942
2941
2942
2943
2939
2943
2944
2938
2944
2945
2937
2945
2946
2934
2946
2947
2933
2947
3886
569
570
2948
911
2948
2949
1030
2753
2951
985
1052
2952
985
1052
2953
1024
2953
2954
2952
2954
2955
3823
1130
2956
3234
1127
2957
1052
1124
2958
953
1135
2959
2958
2959
2960
2957
2960
2962
2956
2962
2963
2955
2963
2964
2951
2964
2965
2949
2965
3887
573
574
2966
911
2966
2967
1030
2777
2968
952
987
2969
1024
2969
2970
3825
1127
2972
1130
2972
2973
3793
2973
2974
951
1135
2975
952
1124
2976
2975
2976
2977
2974
2977
2978
2970
2978
2979
2968
2979
2980
2967
2980
3857
521
576
2982
911
2982
2983
1031
2752
2984
990
2750
2985
990
2750
2986
1024
2986
2987
2985
2987
2988
3794
1130
2989
672
1127
2990
1124
2750
2991
950
1135
2993
2991
2993
2994
2990
2994
2995
2989
2995
2996
2988
2996
2997
2984
2997
2998
2983
2998
3858
578
579
2999
911
2999
3000
1030
2749
3001
949
992
3003
1024
3003
3004
993
3004
3005
3795
1130
3006
946
1127
3007
948
1135
3008
949
1124
3009
3008
3009
3010
3007
3010
3011
3006
3011
3012
3005
3012
3014
3001
3014
3015
3000
3015
3859
581
583
3016
911
3016
3017
1031
2748
3018
994
2747
3019
1024
3019
3020
3796
1130
3021
944
1127
3022
1124
2747
3024
943
1135
3025
3024
3025
3026
3022
3026
3027
3021
3027
3028
3020
3028
3029
3018
3029
3030
3017
3030
3860
389
585
3031
911
3031
3032
1030
2746
3034
942
996
3035
1024
3035
3036
997
3036
3037
3797
1130
3038
939
1127
3039
942
1124
3040
941
1135
3041
3040
3041
3042
3039
3042
3043
3038
3043
3045
3037
3045
3046
3034
3046
3047
3032
3047
3861
328
587
3048
911
3048
3049
1030
2745
3050
998
2744
3051
1024
3051
3052
938
1135
3053
1124
2744
3055
3053
3055
3056
3830
1127
3057
1130
3057
3058
3798
3058
3059
3056
3059
3060
3052
3060
3061
3050
3061
3062
3049
3062
3862
261
589
3063
911
3063
3065
1031
2743
3066
936
1001
3067
1024
3067
3068
3831
1127
3069
1130
3069
3070
3799
3070
3071
936
1124
3072
935
1135
3073
3072
3073
3074
3071
3074
3076
3068
3076
3077
3066
3077
3078
3065
3078
3863
260
590
3079
195
3079
3080
911
3080
3081
1030
2787
3082
1003
1040
3083
1003
1040
3084
1024
3084
3086
3083
3086
3087
1040
1124
3088
932
1135
3089
931
1128
3090
3089
3090
3091
3088
3091
3092
3800
1130
3093
3092
3093
3094
3087
3094
3095
3082
3095
3097
3081
3097
3864
119
596
3098
911
3098
3099
930
1005
3100
1024
3100
3101
1030
2741
3102
3801
1130
3103
928
1128
3104
930
1124
3105
929
1135
3107
3105
3107
3108
3104
3108
3109
3103
3109
3110
3102
3110
3111
3101
3111
3112
3099
3112
3865
118
597
3113
31
3113
3114
31
3113
3115
911
3115
3117
3114
3117
3118
1030
2738
3119
1007
1038
3120
1024
3120
3121
3802
1130
3122
1038
1124
3123
927
1128
3124
926
1135
3125
3124
3125
3126
3123
3126
3128
3122
3128
3129
3121
3129
3130
3119
3130
3131
3118
3131
3866
3731
602
3132
911
3132
3133
925
1009
3134
1024
3134
3135
1030
2739
3136
3804
1130
3138
922
1128
3139
925
1124
3140
924
1135
3141
3140
3141
3142
3139
3142
3143
3138
3143
3144
3136
3144
3145
3135
3145
3146
3133
3146
3868
3730
603
3148
3647
3148
3149
911
3149
3150
1012
1032
3151
1024
3151
3152
1030
2734
3153
3805
1130
3154
921
1128
3155
1032
1124
3156
920
1135
3157
3156
3157
3159
3155
3159
3160
3154
3160
3161
3153
3161
3162
3152
3162
3163
3150
3163
3869
608
752
3164
911
3164
3165
919
1014
3166
1024
3166
3167
1030
2732
3169
3806
1130
3170
917
1127
3171
919
1124
3172
918
1135
3173
3172
3173
3174
3171
3174
3175
3170
3175
3176
3169
3176
3177
3167
3177
3178
3165
3178
3870
