510
170
510
1
510
2
510
3
510
4
510
5
510
6
510
7
510
8
510
9
510
10
510
11
510
12
510
13
510
14
510
15
510
16
510
17
510
18
510
19
510
20
510
21
510
22
510
23
510
24
510
25
510
26
510
27
510
28
510
29
510
30
510
31
510
32
510
33
510
34
510
35
510
36
510
37
510
38
510
39
510
40
510
41
510
42
510
43
510
44
510
45
510
46
510
47
510
48
510
49
510
50
510
51
510
52
510
53
510
54
510
55
510
56
510
57
510
58
510
59
510
60
510
61
510
62
510
63
510
64
510
65
510
66
510
67
510
68
510
69
510
70
510
71
510
72
510
73
510
74
510
75
510
76
510
77
510
78
510
79
510
80
510
81
510
82
510
83
510
84
510
85
510
86
510
87
510
88
510
89
510
90
510
91
510
92
510
93
510
94
510
95
510
96
510
97
510
98
510
99
510
100
510
101
510
102
510
103
510
104
510
105
510
106
510
107
510
108
510
109
510
110
510
111
510
112
510
113
510
114
510
115
510
116
510
117
510
118
510
119
510
120
510
121
510
122
510
123
510
124
510
125
510
126
510
127
510
128
510
129
510
130
510
131
510
132
510
133
510
134
510
135
510
136
510
137
510
138
510
139
510
140
510
141
510
142
510
143
510
144
510
145
510
146
510
147
510
148
510
149
510
150
510
151
510
152
510
153
510
154
510
155
510
156
510
157
510
158
510
159
510
160
510
161
510
162
510
163
510
164
510
165
510
166
510
167
510
168
510
169
