162
64
111
162
65
79
64
1
65
1
143
162
112
2
64
80
3
2
3
144
162
113
4
64
81
5
4
5
145
162
114
6
64
82
7
6
7
146
162
115
8
64
83
9
8
9
147
162
116
10
64
84
11
10
11
148
162
117
12
64
85
13
12
13
149
162
118
14
64
86
15
14
15
150
162
119
16
64
87
17
16
17
151
162
121
18
64
89
19
18
19
153
162
122
20
64
90
21
20
21
154
162
98
22
64
66
23
22
23
130
162
109
24
64
77
25
24
25
141
162
120
26
64
88
27
26
27
152
162
123
28
64
91
29
28
29
155
162
124
30
64
92
31
30
31
156
162
125
32
64
93
33
32
33
157
162
126
34
64
94
35
34
35
158
162
127
36
64
95
37
36
37
159
162
128
38
64
96
39
38
39
160
162
129
40
64
97
41
40
41
161
162
99
42
64
67
43
42
43
131
162
100
44
64
68
45
44
45
132
162
101
46
64
69
47
46
47
133
162
102
48
64
70
49
48
49
134
162
103
50
64
71
51
50
51
135
162
104
52
64
72
53
52
53
136
162
105
54
64
73
55
54
55
137
162
106
56
64
74
57
56
57
138
162
107
58
64
75
59
58
59
139
162
108
60
64
76
61
60
61
140
162
110
62
64
78
63
62
63
142
