select_i
64
111
select_i
65
79
64
1
65
1
143
select_i
112
2
64
80
3
2
3
144
select_i
113
4
64
81
5
4
5
145
select_i
114
6
64
82
7
6
7
146
select_i
115
8
64
83
9
8
9
147
select_i
116
10
64
84
11
10
11
148
select_i
117
12
64
85
13
12
13
149
select_i
118
14
64
86
15
14
15
150
select_i
119
16
64
87
17
16
17
151
select_i
121
18
64
89
19
18
19
153
select_i
122
20
64
90
21
20
21
154
select_i
98
22
64
66
23
22
23
130
select_i
109
24
64
77
25
24
25
141
select_i
120
26
64
88
27
26
27
152
select_i
123
28
64
91
29
28
29
155
select_i
124
30
64
92
31
30
31
156
select_i
125
32
64
93
33
32
33
157
select_i
126
34
64
94
35
34
35
158
select_i
127
36
64
95
37
36
37
159
select_i
128
38
64
96
39
38
39
160
select_i
129
40
64
97
41
40
41
161
select_i
99
42
64
67
43
42
43
131
select_i
100
44
64
68
45
44
45
132
select_i
101
46
64
69
47
46
47
133
select_i
102
48
64
70
49
48
49
134
select_i
103
50
64
71
51
50
51
135
select_i
104
52
64
72
53
52
53
136
select_i
105
54
64
73
55
54
55
137
select_i
106
56
64
74
57
56
57
138
select_i
107
58
64
75
59
58
59
139
select_i
108
60
64
76
61
60
61
140
select_i
110
62
64
78
63
62
63
142
