AND 1 2 99
AND 2 65 100
AND 1 65 101
OR 99 100 102
OR 101 102 103
XOR 1 2 104
XOR 65 104 66
AND 3 4 105
AND 4 103 106
AND 3 103 107
OR 105 106 108
OR 107 108 109
XOR 3 4 110
XOR 103 110 67
AND 5 6 111
AND 6 109 112
AND 5 109 113
OR 111 112 114
OR 113 114 115
XOR 5 6 116
XOR 109 116 68
AND 7 8 117
AND 8 115 118
AND 7 115 119
OR 117 118 120
OR 119 120 121
XOR 7 8 122
XOR 115 122 69
AND 9 10 123
AND 10 121 124
AND 9 121 125
OR 123 124 126
OR 125 126 127
XOR 9 10 128
XOR 121 128 70
AND 11 12 129
AND 12 127 130
AND 11 127 131
OR 129 130 132
OR 131 132 133
XOR 11 12 134
XOR 127 134 71
AND 13 14 135
AND 14 133 136
AND 13 133 137
OR 135 136 138
OR 137 138 139
XOR 13 14 140
XOR 133 140 72
AND 15 16 141
AND 16 139 142
AND 15 139 143
OR 141 142 144
OR 143 144 145
XOR 15 16 146
XOR 139 146 73
AND 17 18 147
AND 18 145 148
AND 17 145 149
OR 147 148 150
OR 149 150 151
XOR 17 18 152
XOR 145 152 74
AND 19 20 153
AND 20 151 154
AND 19 151 155
OR 153 154 156
OR 155 156 157
XOR 19 20 158
XOR 151 158 75
AND 21 22 159
AND 22 157 160
AND 21 157 161
OR 159 160 162
OR 161 162 163
XOR 21 22 164
XOR 157 164 76
AND 23 24 165
AND 24 163 166
AND 23 163 167
OR 165 166 168
OR 167 168 169
XOR 23 24 170
XOR 163 170 77
AND 25 26 171
AND 26 169 172
AND 25 169 173
OR 171 172 174
OR 173 174 175
XOR 25 26 176
XOR 169 176 78
AND 27 28 177
AND 28 175 178
AND 27 175 179
OR 177 178 180
OR 179 180 181
XOR 27 28 182
XOR 175 182 79
AND 29 30 183
AND 30 181 184
AND 29 181 185
OR 183 184 186
OR 185 186 187
XOR 29 30 188
XOR 181 188 80
AND 31 32 189
AND 32 187 190
AND 31 187 191
OR 189 190 192
OR 191 192 193
XOR 31 32 194
XOR 187 194 81
AND 33 34 195
AND 34 193 196
AND 33 193 197
OR 195 196 198
OR 197 198 199
XOR 33 34 200
XOR 193 200 82
AND 35 36 201
AND 36 199 202
AND 35 199 203
OR 201 202 204
OR 203 204 205
XOR 35 36 206
XOR 199 206 83
AND 37 38 207
AND 38 205 208
AND 37 205 209
OR 207 208 210
OR 209 210 211
XOR 37 38 212
XOR 205 212 84
AND 39 40 213
AND 40 211 214
AND 39 211 215
OR 213 214 216
OR 215 216 217
XOR 39 40 218
XOR 211 218 85
AND 41 42 219
AND 42 217 220
AND 41 217 221
OR 219 220 222
OR 221 222 223
XOR 41 42 224
XOR 217 224 86
AND 43 44 225
AND 44 223 226
AND 43 223 227
OR 225 226 228
OR 227 228 229
XOR 43 44 230
XOR 223 230 87
AND 45 46 231
AND 46 229 232
AND 45 229 233
OR 231 232 234
OR 233 234 235
XOR 45 46 236
XOR 229 236 88
AND 47 48 237
AND 48 235 238
AND 47 235 239
OR 237 238 240
OR 239 240 241
XOR 47 48 242
XOR 235 242 89
AND 49 50 243
AND 50 241 244
AND 49 241 245
OR 243 244 246
OR 245 246 247
XOR 49 50 248
XOR 241 248 90
AND 51 52 249
AND 52 247 250
AND 51 247 251
OR 249 250 252
OR 251 252 253
XOR 51 52 254
XOR 247 254 91
AND 53 54 255
AND 54 253 256
AND 53 253 257
OR 255 256 258
OR 257 258 259
XOR 53 54 260
XOR 253 260 92
AND 55 56 261
AND 56 259 262
AND 55 259 263
OR 261 262 264
OR 263 264 265
XOR 55 56 266
XOR 259 266 93
AND 57 58 267
AND 58 265 268
AND 57 265 269
OR 267 268 270
OR 269 270 271
XOR 57 58 272
XOR 265 272 94
AND 59 60 273
AND 60 271 274
AND 59 271 275
OR 273 274 276
OR 275 276 277
XOR 59 60 278
XOR 271 278 95
AND 61 62 279
AND 62 277 280
AND 61 277 281
OR 279 280 282
OR 281 282 283
XOR 61 62 284
XOR 277 284 96
AND 63 64 285
AND 64 283 286
AND 63 283 287
OR 285 286 288
OR 287 288 289
XOR 63 64 290
XOR 283 290 97
AND 65 66 291
AND 66 289 292
AND 65 289 293
OR 291 292 294
OR 293 294 295
XOR 65 66 296
XOR 289 296 98
INPUT  1 2 3 4 5 6 7 8 9 10 11 12 13 14 15 16 17 18 19 20 21 22 23 24 25 26 27 28 29 30 31 32 33 34 35 36 37 38 39 40 41 42 43 44 45 46 47 48 49 50 51 52 53 54 55 56 57 58 59 60 61 62 63 64 65 -1
OUTPUT  66 67 68 69 70 71 72 73 74 75 76 77 78 79 80 81 82 83 84 85 86 87 88 89 90 91 92 93 94 95 96 97 98 295 -1